self.currentTick = 10956000
self.airTemperature = 0.6041832813790436
self.groundTemperature = 0.6041832813790436
