self.currentTick = 13026373
self.airTemperature = 0.3876880989065976
self.groundTemperature = 0.3876880989065976
