self.currentTick = 7885422
self.airTemperature = 0.87320604106011814
self.groundTemperature = 0.77320604106011814
