self.currentTick = 9879000
self.airTemperature = 0.38878793431801095
self.groundTemperature = 0.38878793431801095
