self.currentTick = 10267218
self.airTemperature = 0.2653698820249268
self.groundTemperature = 0.2653698820249268
