self.currentTick = 9036000
self.airTemperature = 0.6222825278991359
self.groundTemperature = 0.6222825278991359
