self.currentTick = 9022000
self.airTemperature = 0.5913321822614832
self.groundTemperature = 0.5913321822614832
