self.currentTick = 20178000
self.airTemperature = 0.42006402418484334
self.groundTemperature = 0.42006402418484334
