self.currentTick = 12749000
self.airTemperature = 0.3884781035178035
self.groundTemperature = 0.3884781035178035
