self.currentTick = 17935000
self.airTemperature = 0.7985761953272673
self.groundTemperature = 0.7985761953272673
