self.currentTick = 9102000
self.airTemperature = 0.5754690294802882
self.groundTemperature = 0.5754690294802882
