self.currentTick = 18759481
self.airTemperature = 0.2746524148007439
self.groundTemperature = 0.2746524148007439
