self.currentTick = 22418000
self.airTemperature = 0.4207414794798961
self.groundTemperature = 0.4207414794798961
